1 11111111 annonarum 646

111111611111267, 12 11611111164, 1 11111122, 6. 166, 611

111111611111664611111 1116111626, 11. 626, 7 Only 1111 647, 611.
67, 1 1111111626, 7 648, 6

laurus Gracchanus 1686 1111111666166,7.216, 11111161111111126 l

11111111811111, 164, 6. 4. 16226, ,6 16. 262,2. 11111111111111621.116,
166, 61 ,11 16 .

1111164,6.666, 16 1.1111111616,6.12.617,2 6.1.111111167,61.1111111

iupiter 6422 1111111666, Latinus (61111111) 617, 6 26, 1. 6. 67, 6. 112, 6.
6111111111664,211- 1111111266,1 166,6 11 primu 21,6
ris 111111 161, 6. 166, latrinae publicae 61, 7 in 1111116467 111111-

2. 216, 6 111111 1111· Lavinium 617, 6 11111111 647,1611111ο- ·

111111 217, 6 Laurentium ager 616, 6 (11111117,71111111161,
iura 276, 6 lautumiae 626, 6 6
iuventa, 111111111, iuren- lecticae 667, 6 Τ.1.11111111166,61.1111-
111274, 16 legatariae editiones 664, 11116,6.16,16.168,
16 7. 224, 21227, 11.
1131111277, 7 247,2
kalendae 166, 6. 4. 7 11111276, 6 1111111116111146,16
11111112661 11111278, 7 11111111116611
Karthago 26 4. 27, 2 111111112111111111 1161611111276, 16
11111311,16.111,1 Leogurau Syracusanus ludicrum 278,16
ἰ0111ὸῖ116οω1175 ² 1011116131162674 1116611863113113,4ὖ ludi 611111
60676631662274, 1. 627, 6611661666ω1ρωηῦ 9 1161667ῗ66111111661666,
15 111116116216 12 circenses 664, 22.
11111116, 6 111111(1)111111111162, 11 667, 8. 6468111161-
11041101 194 lilium 11111111611666, 161111- licii 6,2 Florales 664,
1611111164, 2 11111146 6 laginataroriratauua-
aliaeeliae 626, ll 626, 11111111121,6 11111166412Μ1811111·
1. 16 11611164, 6. 12 aee 81, 16. 664, 11
1116111326, 15 Liber 11111164. 666, 16 Neptunales 66412 11-
1116111111ὴ11116111624, l Liber 64616. 26. 27 eneruauerunt, 16
1161162611υβονδιχῶς 26. 26. 641, 2 11111111646,1.6.26
1111111151 1161111116.4.7,6.666, 7111111664, 6 111111-
16116161627, 11 6. 646, 26 1117,16
1111111626, 7 116111277,161161111111 Lugdunum 64,2
1111111116, 1 111111261, 2
librarii 164, 16. 26 1111111111264, 2
1161111146,1 libri 11111 Aegyptiorum 1111161, 2 162611111-
11111111277,2 162, 2 11266 6111111111 111111
Laches 16, 12 librorum 11111111 166, 7 216,6111111111111111
6.1.11111117,4.11.13, 116111111111111111111164, 216, 611111111111111-
4. 66,6 1261, 2.11. 4111111111 164 6 (1111111216,6 11111-

66, 7 Liby 1616, 2 11111211,11111111111- ’

6111111611111111110179 [1111111641 1111111111111 217, 2
Laelius 11111111 168, 6 11111111161111111126,4 1111111211,111111111
, 11111111 166, 18 11111111Μ1111166,1 216,11111111216,4
1111111267,12 1111261, 6 lumen 268, 6 natura
1111111 267,14 0 1111111111 166, 6 7 16. 26 216, 1111161216, 6
lampada 177,6 litteratores 166, 11. 16. Luna 388 7
111111111277,6 16, 21 Luperci 166, 4. 666, 6
1111111277,1 1111112246 1111248, 1
111111111161,12 1111111622 1111111261, 2
111111111126, 16 T. 11111161, 7. Liviae 1111111, 1111111277, 4
Larentiae, 16 61, 6 lustrum 172 6
1116112122 1111111 Andromene 16, 2 1111166611

 

